[0 0 3]	[4.24264 0 1.24264]
[1 1 3]	[3.24264 1 1.24264]
[1 2 3]	[3.24264 2 1.24264]
[2 2 3]	[2.24264 2 1.24264]
[-1 1 3]	[5.24264 1 1.24264]
[-1 2 3]	[5.24264 2 1.24264]
[-2 2 3]	[6.24264 2 1.24264]
[0 1 3]	[4.24264 1 1.24264]
[0 2 3]	[4.24264 2 1.24264]
features size : 9
Matrix A : 
       0        0  12.7279        0        0        0        0        0  3.72792
 3.24264  3.24264  9.72792        1        1        3  1.24264  1.24264  3.72792
 3.24264  6.48528  9.72792        2        4        6  1.24264  2.48528  3.72792
 4.48528  4.48528  6.72792        4        4        6  2.48528  2.48528  3.72792
-5.24264  5.24264  15.7279       -1        1        3 -1.24264  1.24264  3.72792
-5.24264  10.4853  15.7279       -2        4        6 -1.24264  2.48528  3.72792
-12.4853  12.4853  18.7279       -4        4        6 -2.48528  2.48528  3.72792
       0  4.24264  12.7279        0        1        3        0  1.24264  3.72792
       0  8.48528  12.7279        0        4        6        0  2.48528  3.72792
plurality vectors of kernel:
-1.59778e-16 -1.16981e-16  2.28255e-17
   -0.707107    -0.292893  5.78614e-17
 3.57571e-17  1.68636e-17    -0.292893
   -0.707107    -0.292893 -4.71891e-17
-1.23165e-16 -1.30538e-16 -1.22519e-16
           1            0            0
 5.59948e-16  3.06249e-16    -0.707107
           0            1            0
           0            0            1
*******-0-*****************
The solution is:
-1.59778e-16    -0.707107  5.59948e-16
   -0.707107 -1.23165e-16            0
 3.57571e-17            1            0
singular values are:
    1.22474
   0.707107
4.57196e-16
U matrix: 
    -0.57735 -5.55112e-17     0.816497
-3.88578e-16           -1 -3.33067e-16
    0.816497 -5.55112e-16      0.57735
V matrix:
 1.66533e-16            1  1.88358e-16
           1 -1.66533e-16   2.6871e-16
 -2.6871e-16 -1.88358e-16            1
Rotation matrix : 
    -0.57735   3.7106e-16     0.816497
-2.22045e-16            1 -6.01777e-16
    0.816497  5.74277e-16      0.57735
Matrix t_x : 
   0.666667    -0.57735    0.471405
    0.57735 9.86076e-32   -0.816497
   0.471405    0.816497    0.333333
Vector t_x : 
0.816497 0.471405 0.57735
*******-1-*****************
The solution is:
-1.16981e-16    -0.292893  3.06249e-16
   -0.292893 -1.30538e-16            1
 1.68636e-17            0            0
singular values are:
    1.04201
   0.292893
1.61837e-17
U matrix: 
 8.67362e-17           -1  2.95684e-17
           1  3.62557e-16  4.96824e-18
-4.96824e-18  2.95684e-17            1
V matrix:
   -0.281085   1.5439e-16     0.959683
 -1.8735e-16            1 -2.35922e-16
    0.959683  2.84495e-16     0.281085
Rotation matrix : 
   -0.281085 -1.00614e-16     0.959683
 2.61068e-16            1 -6.20488e-17
    0.959683 -2.40891e-16     0.281085
Matrix t_x : 
           0           -1  3.45367e-17
           1            0 -2.46002e-17
 2.46002e-17  3.45367e-17            1
Vector t_x : 
3.45367e-17 2.46002e-17 1
*******-2-*****************
The solution is:
 2.28255e-17 -4.71891e-17    -0.707107
 5.78614e-17 -1.22519e-16            0
   -0.292893            0            1
singular values are:
     1.2483
   0.165911
1.22519e-16
U matrix: 
-0.55557 -0.83147       -0
      -0       -0       -1
 0.83147 -0.55557       -0
V matrix:
-0.19509 0.980785        0
       0        0        1
0.980785  0.19509        0
Rotation matrix : 
-0.707107         0  0.707107
       -0        -1         0
 0.707107         0  0.707107
Matrix t_x : 
 0  0 -1
 0  1  0
 1  0  0
Vector t_x : 
0 1 0
